1.4 0 2.4 
1.38379 0 2.44305 
1.38047 0 2.4738 
1.3877 0 2.49225 
1.40313 0 2.4984 
1.42441 0 2.49225 
1.44922 0 2.4738 
1.4752 0 2.44305 
1.5 0 2.4 
1.372 -0.28525 2.4 
1.35611 -0.281947 2.44305 
1.35286 -0.281271 2.4738 
1.35994 -0.282743 2.49225 
1.37506 -0.285887 2.4984 
1.39593 -0.290224 2.49225 
1.42023 -0.295278 2.4738 
1.44569 -0.300571 2.44305 
1.47 -0.305625 2.4 
1.2915 -0.5495 2.4 
1.27655 -0.543137 2.44305 
1.27348 -0.541834 2.4738 
1.28015 -0.54467 2.49225 
1.29438 -0.550727 2.4984 
1.31402 -0.559083 2.49225 
1.3369 -0.568818 2.4738 
1.36087 -0.579014 2.44305 
1.38375 -0.58875 2.4 
1.16375 -0.7875 2.4 
1.15027 -0.778381 2.44305 
1.14751 -0.776514 2.4738 
1.15352 -0.780579 2.49225 
1.16635 -0.789258 2.4984 
1.18404 -0.801233 2.49225 
1.20466 -0.815186 2.4738 
1.22626 -0.829797 2.44305 
1.24688 -0.84375 2.4 
0.994 -0.994 2.4 
0.98249 -0.98249 2.44305 
0.980133 -0.980133 2.4738 
0.985264 -0.985264 2.49225 
0.996219 -0.996219 2.4984 
1.01133 -1.01133 2.49225 
1.02895 -1.02895 2.4738 
1.04739 -1.04739 2.44305 
1.065 -1.065 2.4 
0.7875 -1.16375 2.4 
0.778381 -1.15027 2.44305 
0.776514 -1.14751 2.4738 
0.780579 -1.15352 2.49225 
0.789258 -1.16635 2.4984 
0.801233 -1.18404 2.49225 
0.815186 -1.20466 2.4738 
0.829797 -1.22626 2.44305 
0.84375 -1.24688 2.4 
0.5495 -1.2915 2.4 
0.543137 -1.27655 2.44305 
0.541834 -1.27348 2.4738 
0.54467 -1.28015 2.49225 
0.550727 -1.29438 2.4984 
0.559083 -1.31402 2.49225 
0.568818 -1.3369 2.4738 
0.579014 -1.36087 2.44305 
0.58875 -1.38375 2.4 
0.28525 -1.372 2.4 
0.281947 -1.35611 2.44305 
0.281271 -1.35286 2.4738 
0.282743 -1.35994 2.49225 
0.285887 -1.37506 2.4984 
0.290224 -1.39593 2.49225 
0.295278 -1.42023 2.4738 
0.300571 -1.44569 2.44305 
0.305625 -1.47 2.4 
0 -1.4 2.4 
0 -1.38379 2.44305 
0 -1.38047 2.4738 
0 -1.3877 2.49225 
0 -1.40313 2.4984 
0 -1.42441 2.49225 
0 -1.44922 2.4738 
0 -1.4752 2.44305 
0 -1.5 2.4 
0 -1.4 2.4 
0 -1.38379 2.44305 
0 -1.38047 2.4738 
0 -1.3877 2.49225 
0 -1.40313 2.4984 
0 -1.42441 2.49225 
0 -1.44922 2.4738 
0 -1.4752 2.44305 
0 -1.5 2.4 
-0.28525 -1.372 2.4 
-0.281947 -1.35611 2.44305 
-0.281271 -1.35286 2.4738 
-0.282743 -1.35994 2.49225 
-0.285887 -1.37506 2.4984 
-0.290224 -1.39593 2.49225 
-0.295278 -1.42023 2.4738 
-0.300571 -1.44569 2.44305 
-0.305625 -1.47 2.4 
-0.5495 -1.2915 2.4 
-0.543137 -1.27655 2.44305 
-0.541834 -1.27348 2.4738 
-0.54467 -1.28015 2.49225 
-0.550727 -1.29438 2.4984 
-0.559083 -1.31402 2.49225 
-0.568818 -1.3369 2.4738 
-0.579014 -1.36087 2.44305 
-0.58875 -1.38375 2.4 
-0.7875 -1.16375 2.4 
-0.778381 -1.15027 2.44305 
-0.776514 -1.14751 2.4738 
-0.780579 -1.15352 2.49225 
-0.789258 -1.16635 2.4984 
-0.801233 -1.18404 2.49225 
-0.815186 -1.20466 2.4738 
-0.829797 -1.22626 2.44305 
-0.84375 -1.24688 2.4 
-0.994 -0.994 2.4 
-0.98249 -0.98249 2.44305 
-0.980133 -0.980133 2.4738 
-0.985264 -0.985264 2.49225 
-0.996219 -0.996219 2.4984 
-1.01133 -1.01133 2.49225 
-1.02895 -1.02895 2.4738 
-1.04739 -1.04739 2.44305 
-1.065 -1.065 2.4 
-1.16375 -0.7875 2.4 
-1.15027 -0.778381 2.44305 
-1.14751 -0.776514 2.4738 
-1.15352 -0.780579 2.49225 
-1.16635 -0.789258 2.4984 
-1.18404 -0.801233 2.49225 
-1.20466 -0.815186 2.4738 
-1.22626 -0.829797 2.44305 
-1.24688 -0.84375 2.4 
-1.2915 -0.5495 2.4 
-1.27655 -0.543137 2.44305 
-1.27348 -0.541834 2.4738 
-1.28015 -0.54467 2.49225 
-1.29438 -0.550727 2.4984 
-1.31402 -0.559083 2.49225 
-1.3369 -0.568818 2.4738 
-1.36087 -0.579014 2.44305 
-1.38375 -0.58875 2.4 
-1.372 -0.28525 2.4 
-1.35611 -0.281947 2.44305 
-1.35286 -0.281271 2.4738 
-1.35994 -0.282743 2.49225 
-1.37506 -0.285887 2.4984 
-1.39593 -0.290224 2.49225 
-1.42023 -0.295278 2.4738 
-1.44569 -0.300571 2.44305 
-1.47 -0.305625 2.4 
-1.4 0 2.4 
-1.38379 0 2.44305 
-1.38047 0 2.4738 
-1.3877 0 2.49225 
-1.40313 0 2.4984 
-1.42441 0 2.49225 
-1.44922 0 2.4738 
-1.4752 0 2.44305 
-1.5 0 2.4 
-1.4 0 2.4 
-1.38379 0 2.44305 
-1.38047 0 2.4738 
-1.3877 0 2.49225 
-1.40313 0 2.4984 
-1.42441 0 2.49225 
-1.44922 0 2.4738 
-1.4752 0 2.44305 
-1.5 0 2.4 
-1.372 0.28525 2.4 
-1.35611 0.281947 2.44305 
-1.35286 0.281271 2.4738 
-1.35994 0.282743 2.49225 
-1.37506 0.285887 2.4984 
-1.39593 0.290224 2.49225 
-1.42023 0.295278 2.4738 
-1.44569 0.300571 2.44305 
-1.47 0.305625 2.4 
-1.2915 0.5495 2.4 
-1.27655 0.543137 2.44305 
-1.27348 0.541834 2.4738 
-1.28015 0.54467 2.49225 
-1.29438 0.550727 2.4984 
-1.31402 0.559083 2.49225 
-1.3369 0.568818 2.4738 
-1.36087 0.579014 2.44305 
-1.38375 0.58875 2.4 
-1.16375 0.7875 2.4 
-1.15027 0.778381 2.44305 
-1.14751 0.776514 2.4738 
-1.15352 0.780579 2.49225 
-1.16635 0.789258 2.4984 
-1.18404 0.801233 2.49225 
-1.20466 0.815186 2.4738 
-1.22626 0.829797 2.44305 
-1.24688 0.84375 2.4 
-0.994 0.994 2.4 
-0.98249 0.98249 2.44305 
-0.980133 0.980133 2.4738 
-0.985264 0.985264 2.49225 
-0.996219 0.996219 2.4984 
-1.01133 1.01133 2.49225 
-1.02895 1.02895 2.4738 
-1.04739 1.04739 2.44305 
-1.065 1.065 2.4 
-0.7875 1.16375 2.4 
-0.778381 1.15027 2.44305 
-0.776514 1.14751 2.4738 
-0.780579 1.15352 2.49225 
-0.789258 1.16635 2.4984 
-0.801233 1.18404 2.49225 
-0.815186 1.20466 2.4738 
-0.829797 1.22626 2.44305 
-0.84375 1.24688 2.4 
-0.5495 1.2915 2.4 
-0.543137 1.27655 2.44305 
-0.541834 1.27348 2.4738 
-0.54467 1.28015 2.49225 
-0.550727 1.29438 2.4984 
-0.559083 1.31402 2.49225 
-0.568818 1.3369 2.4738 
-0.579014 1.36087 2.44305 
-0.58875 1.38375 2.4 
-0.28525 1.372 2.4 
-0.281947 1.35611 2.44305 
-0.281271 1.35286 2.4738 
-0.282743 1.35994 2.49225 
-0.285887 1.37506 2.4984 
-0.290224 1.39593 2.49225 
-0.295278 1.42023 2.4738 
-0.300571 1.44569 2.44305 
-0.305625 1.47 2.4 
0 1.4 2.4 
0 1.38379 2.44305 
0 1.38047 2.4738 
0 1.3877 2.49225 
0 1.40313 2.4984 
0 1.42441 2.49225 
0 1.44922 2.4738 
0 1.4752 2.44305 
0 1.5 2.4 
0 1.4 2.4 
0 1.38379 2.44305 
0 1.38047 2.4738 
0 1.3877 2.49225 
0 1.40313 2.4984 
0 1.42441 2.49225 
0 1.44922 2.4738 
0 1.4752 2.44305 
0 1.5 2.4 
0.28525 1.372 2.4 
0.281947 1.35611 2.44305 
0.281271 1.35286 2.4738 
0.282743 1.35994 2.49225 
0.285887 1.37506 2.4984 
0.290224 1.39593 2.49225 
0.295278 1.42023 2.4738 
0.300571 1.44569 2.44305 
0.305625 1.47 2.4 
0.5495 1.2915 2.4 
0.543137 1.27655 2.44305 
0.541834 1.27348 2.4738 
0.54467 1.28015 2.49225 
0.550727 1.29438 2.4984 
0.559083 1.31402 2.49225 
0.568818 1.3369 2.4738 
0.579014 1.36087 2.44305 
0.58875 1.38375 2.4 
0.7875 1.16375 2.4 
0.778381 1.15027 2.44305 
0.776514 1.14751 2.4738 
0.780579 1.15352 2.49225 
0.789258 1.16635 2.4984 
0.801233 1.18404 2.49225 
0.815186 1.20466 2.4738 
0.829797 1.22626 2.44305 
0.84375 1.24688 2.4 
0.994 0.994 2.4 
0.98249 0.98249 2.44305 
0.980133 0.980133 2.4738 
0.985264 0.985264 2.49225 
0.996219 0.996219 2.4984 
1.01133 1.01133 2.49225 
1.02895 1.02895 2.4738 
1.04739 1.04739 2.44305 
1.065 1.065 2.4 
1.16375 0.7875 2.4 
1.15027 0.778381 2.44305 
1.14751 0.776514 2.4738 
1.15352 0.780579 2.49225 
1.16635 0.789258 2.4984 
1.18404 0.801233 2.49225 
1.20466 0.815186 2.4738 
1.22626 0.829797 2.44305 
1.24688 0.84375 2.4 
1.2915 0.5495 2.4 
1.27655 0.543137 2.44305 
1.27348 0.541834 2.4738 
1.28015 0.54467 2.49225 
1.29438 0.550727 2.4984 
1.31402 0.559083 2.49225 
1.3369 0.568818 2.4738 
1.36087 0.579014 2.44305 
1.38375 0.58875 2.4 
1.372 0.28525 2.4 
1.35611 0.281947 2.44305 
1.35286 0.281271 2.4738 
1.35994 0.282743 2.49225 
1.37506 0.285887 2.4984 
1.39593 0.290224 2.49225 
1.42023 0.295278 2.4738 
1.44569 0.300571 2.44305 
1.47 0.305625 2.4 
1.4 0 2.4 
1.38379 0 2.44305 
1.38047 0 2.4738 
1.3877 0 2.49225 
1.40313 0 2.4984 
1.42441 0 2.49225 
1.44922 0 2.4738 
1.4752 0 2.44305 
1.5 0 2.4 
1.5 0 2.4 
1.59326 0 2.20327 
1.68359 0 2.00742 
1.76807 0 1.81333 
1.84375 0 1.62187 
1.90771 0 1.43394 
1.95703 0 1.25039 
1.98877 0 1.07212 
2 0 0.9 
1.47 -0.305625 2.4 
1.5614 -0.324627 2.20327 
1.64992 -0.343032 2.00742 
1.7327 -0.360244 1.81333 
1.80687 -0.375664 1.62187 
1.86956 -0.388697 1.43394 
1.91789 -0.398745 1.25039 
1.94899 -0.405212 1.07212 
1.96 -0.4075 0.9 
1.38375 -0.58875 2.4 
1.46978 -0.625355 2.20327 
1.55312 -0.66081 2.00742 
1.63104 -0.693966 1.81333 
1.70086 -0.723672 1.62187 
1.75987 -0.748778 1.43394 
1.80536 -0.768135 1.25039 
1.83464 -0.780592 1.07212 
1.845 -0.785 0.9 
1.24688 -0.84375 2.4 
1.3244 -0.89621 2.20327 
1.39949 -0.947021 2.00742 
1.46971 -0.994537 1.81333 
1.53262 -1.03711 1.62187 
1.58579 -1.07309 1.43394 
1.62678 -1.10083 1.25039 
1.65316 -1.11868 1.07212 
1.6625 -1.125 0.9 
1.065 -1.065 2.4 
1.13122 -1.13122 2.20327 
1.19535 -1.19535 2.00742 
1.25533 -1.25533 1.81333 
1.30906 -1.30906 1.62187 
1.35448 -1.35448 1.43394 
1.38949 -1.38949 1.25039 
1.41203 -1.41203 1.07212 
1.42 -1.42 0.9 
0.84375 -1.24688 2.4 
0.89621 -1.3244 2.20327 
0.947021 -1.39949 2.00742 
0.994537 -1.46971 1.81333 
1.03711 -1.53262 1.62187 
1.07309 -1.58579 1.43394 
1.10083 -1.62678 1.25039 
1.11868 -1.65316 1.07212 
1.125 -1.6625 0.9 
0.58875 -1.38375 2.4 
0.625355 -1.46978 2.20327 
0.66081 -1.55312 2.00742 
0.693966 -1.63104 1.81333 
0.723672 -1.70086 1.62187 
0.748778 -1.75987 1.43394 
0.768135 -1.80536 1.25039 
0.780592 -1.83464 1.07212 
0.785 -1.845 0.9 
0.305625 -1.47 2.4 
0.324627 -1.5614 2.20327 
0.343032 -1.64992 2.00742 
0.360244 -1.7327 1.81333 
0.375664 -1.80687 1.62187 
0.388697 -1.86956 1.43394 
0.398745 -1.91789 1.25039 
0.405212 -1.94899 1.07212 
0.4075 -1.96 0.9 
0 -1.5 2.4 
0 -1.59326 2.20327 
0 -1.68359 2.00742 
0 -1.76807 1.81333 
0 -1.84375 1.62187 
0 -1.90771 1.43394 
0 -1.95703 1.25039 
0 -1.98877 1.07212 
0 -2 0.9 
0 -1.5 2.4 
0 -1.59326 2.20327 
0 -1.68359 2.00742 
0 -1.76807 1.81333 
0 -1.84375 1.62187 
0 -1.90771 1.43394 
0 -1.95703 1.25039 
0 -1.98877 1.07212 
0 -2 0.9 
-0.305625 -1.47 2.4 
-0.324627 -1.5614 2.20327 
-0.343032 -1.64992 2.00742 
-0.360244 -1.7327 1.81333 
-0.375664 -1.80687 1.62187 
-0.388697 -1.86956 1.43394 
-0.398745 -1.91789 1.25039 
-0.405212 -1.94899 1.07212 
-0.4075 -1.96 0.9 
-0.58875 -1.38375 2.4 
-0.625355 -1.46978 2.20327 
-0.66081 -1.55312 2.00742 
-0.693966 -1.63104 1.81333 
-0.723672 -1.70086 1.62187 
-0.748778 -1.75987 1.43394 
-0.768135 -1.80536 1.25039 
-0.780592 -1.83464 1.07212 
-0.785 -1.845 0.9 
-0.84375 -1.24688 2.4 
-0.89621 -1.3244 2.20327 
-0.947021 -1.39949 2.00742 
-0.994537 -1.46971 1.81333 
-1.03711 -1.53262 1.62187 
-1.07309 -1.58579 1.43394 
-1.10083 -1.62678 1.25039 
-1.11868 -1.65316 1.07212 
-1.125 -1.6625 0.9 
-1.065 -1.065 2.4 
-1.13122 -1.13122 2.20327 
-1.19535 -1.19535 2.00742 
-1.25533 -1.25533 1.81333 
-1.30906 -1.30906 1.62187 
-1.35448 -1.35448 1.43394 
-1.38949 -1.38949 1.25039 
-1.41203 -1.41203 1.07212 
-1.42 -1.42 0.9 
-1.24688 -0.84375 2.4 
-1.3244 -0.89621 2.20327 
-1.39949 -0.947021 2.00742 
-1.46971 -0.994537 1.81333 
-1.53262 -1.03711 1.62187 
-1.58579 -1.07309 1.43394 
-1.62678 -1.10083 1.25039 
-1.65316 -1.11868 1.07212 
-1.6625 -1.125 0.9 
-1.38375 -0.58875 2.4 
-1.46978 -0.625355 2.20327 
-1.55312 -0.66081 2.00742 
-1.63104 -0.693966 1.81333 
-1.70086 -0.723672 1.62187 
-1.75987 -0.748778 1.43394 
-1.80536 -0.768135 1.25039 
-1.83464 -0.780592 1.07212 
-1.845 -0.785 0.9 
-1.47 -0.305625 2.4 
-1.5614 -0.324627 2.20327 
-1.64992 -0.343032 2.00742 
-1.7327 -0.360244 1.81333 
-1.80687 -0.375664 1.62187 
-1.86956 -0.388697 1.43394 
-1.91789 -0.398745 1.25039 
-1.94899 -0.405212 1.07212 
-1.96 -0.4075 0.9 
-1.5 0 2.4 
-1.59326 0 2.20327 
-1.68359 0 2.00742 
-1.76807 0 1.81333 
-1.84375 0 1.62187 
-1.90771 0 1.43394 
-1.95703 0 1.25039 
-1.98877 0 1.07212 
-2 0 0.9 
-1.5 0 2.4 
-1.59326 0 2.20327 
-1.68359 0 2.00742 
-1.76807 0 1.81333 
-1.84375 0 1.62187 
-1.90771 0 1.43394 
-1.95703 0 1.25039 
-1.98877 0 1.07212 
-2 0 0.9 
-1.47 0.305625 2.4 
-1.5614 0.324627 2.20327 
-1.64992 0.343032 2.00742 
-1.7327 0.360244 1.81333 
-1.80687 0.375664 1.62187 
-1.86956 0.388697 1.43394 
-1.91789 0.398745 1.25039 
-1.94899 0.405212 1.07212 
-1.96 0.4075 0.9 
-1.38375 0.58875 2.4 
-1.46978 0.625355 2.20327 
-1.55312 0.66081 2.00742 
-1.63104 0.693966 1.81333 
-1.70086 0.723672 1.62187 
-1.75987 0.748778 1.43394 
-1.80536 0.768135 1.25039 
-1.83464 0.780592 1.07212 
-1.845 0.785 0.9 
-1.24688 0.84375 2.4 
-1.3244 0.89621 2.20327 
-1.39949 0.947021 2.00742 
-1.46971 0.994537 1.81333 
-1.53262 1.03711 1.62187 
-1.58579 1.07309 1.43394 
-1.62678 1.10083 1.25039 
-1.65316 1.11868 1.07212 
-1.6625 1.125 0.9 
-1.065 1.065 2.4 
-1.13122 1.13122 2.20327 
-1.19535 1.19535 2.00742 
-1.25533 1.25533 1.81333 
-1.30906 1.30906 1.62187 
-1.35448 1.35448 1.43394 
-1.38949 1.38949 1.25039 
-1.41203 1.41203 1.07212 
-1.42 1.42 0.9 
-0.84375 1.24688 2.4 
-0.89621 1.3244 2.20327 
-0.947021 1.39949 2.00742 
-0.994537 1.46971 1.81333 
-1.03711 1.53262 1.62187 
-1.07309 1.58579 1.43394 
-1.10083 1.62678 1.25039 
-1.11868 1.65316 1.07212 
-1.125 1.6625 0.9 
-0.58875 1.38375 2.4 
-0.625355 1.46978 2.20327 
-0.66081 1.55312 2.00742 
-0.693966 1.63104 1.81333 
-0.723672 1.70086 1.62187 
-0.748778 1.75987 1.43394 
-0.768135 1.80536 1.25039 
-0.780592 1.83464 1.07212 
-0.785 1.845 0.9 
-0.305625 1.47 2.4 
-0.324627 1.5614 2.20327 
-0.343032 1.64992 2.00742 
-0.360244 1.7327 1.81333 
-0.375664 1.80687 1.62187 
-0.388697 1.86956 1.43394 
-0.398745 1.91789 1.25039 
-0.405212 1.94899 1.07212 
-0.4075 1.96 0.9 
0 1.5 2.4 
0 1.59326 2.20327 
0 1.68359 2.00742 
0 1.76807 1.81333 
0 1.84375 1.62187 
0 1.90771 1.43394 
0 1.95703 1.25039 
0 1.98877 1.07212 
0 2 0.9 
0 1.5 2.4 
0 1.59326 2.20327 
0 1.68359 2.00742 
0 1.76807 1.81333 
0 1.84375 1.62187 
0 1.90771 1.43394 
0 1.95703 1.25039 
0 1.98877 1.07212 
0 2 0.9 
0.305625 1.47 2.4 
0.324627 1.5614 2.20327 
0.343032 1.64992 2.00742 
0.360244 1.7327 1.81333 
0.375664 1.80687 1.62187 
0.388697 1.86956 1.43394 
0.398745 1.91789 1.25039 
0.405212 1.94899 1.07212 
0.4075 1.96 0.9 
0.58875 1.38375 2.4 
0.625355 1.46978 2.20327 
0.66081 1.55312 2.00742 
0.693966 1.63104 1.81333 
0.723672 1.70086 1.62187 
0.748778 1.75987 1.43394 
0.768135 1.80536 1.25039 
0.780592 1.83464 1.07212 
0.785 1.845 0.9 
0.84375 1.24688 2.4 
0.89621 1.3244 2.20327 
0.947021 1.39949 2.00742 
0.994537 1.46971 1.81333 
1.03711 1.53262 1.62187 
1.07309 1.58579 1.43394 
1.10083 1.62678 1.25039 
1.11868 1.65316 1.07212 
1.125 1.6625 0.9 
1.065 1.065 2.4 
1.13122 1.13122 2.20327 
1.19535 1.19535 2.00742 
1.25533 1.25533 1.81333 
1.30906 1.30906 1.62187 
1.35448 1.35448 1.43394 
1.38949 1.38949 1.25039 
1.41203 1.41203 1.07212 
1.42 1.42 0.9 
1.24688 0.84375 2.4 
1.3244 0.89621 2.20327 
1.39949 0.947021 2.00742 
1.46971 0.994537 1.81333 
1.53262 1.03711 1.62187 
1.58579 1.07309 1.43394 
1.62678 1.10083 1.25039 
1.65316 1.11868 1.07212 
1.6625 1.125 0.9 
1.38375 0.58875 2.4 
1.46978 0.625355 2.20327 
1.55312 0.66081 2.00742 
1.63104 0.693966 1.81333 
1.70086 0.723672 1.62187 
1.75987 0.748778 1.43394 
1.80536 0.768135 1.25039 
1.83464 0.780592 1.07212 
1.845 0.785 0.9 
1.47 0.305625 2.4 
1.5614 0.324627 2.20327 
1.64992 0.343032 2.00742 
1.7327 0.360244 1.81333 
1.80687 0.375664 1.62187 
1.86956 0.388697 1.43394 
1.91789 0.398745 1.25039 
1.94899 0.405212 1.07212 
1.96 0.4075 0.9 
1.5 0 2.4 
1.59326 0 2.20327 
1.68359 0 2.00742 
1.76807 0 1.81333 
1.84375 0 1.62187 
1.90771 0 1.43394 
1.95703 0 1.25039 
1.98877 0 1.07212 
2 0 0.9 
2 0 0.9 
1.97852 0 0.74165 
1.92188 0 0.603516 
1.8418 0 0.484717 
1.75 0 0.384375 
1.6582 0 0.301611 
1.57812 0 0.235547 
1.52148 0 0.185303 
1.5 0 0.15 
1.96 -0.4075 0.9 
1.93895 -0.403123 0.74165 
1.88344 -0.391582 0.603516 
1.80496 -0.375266 0.484717 
1.715 -0.356562 0.384375 
1.62504 -0.337859 0.301611 
1.54656 -0.321543 0.235547 
1.49105 -0.310002 0.185303 
1.47 -0.305625 0.15 
1.845 -0.785 0.9 
1.82518 -0.776567 0.74165 
1.77293 -0.754336 0.603516 
1.69906 -0.722905 0.484717 
1.61437 -0.686875 0.384375 
1.52969 -0.650845 0.301611 
1.45582 -0.619414 0.235547 
1.40357 -0.597183 0.185303 
1.38375 -0.58875 0.15 
1.6625 -1.125 0.9 
1.64464 -1.11292 0.74165 
1.59756 -1.08105 0.603516 
1.53099 -1.03601 0.484717 
1.45469 -0.984375 0.384375 
1.37838 -0.932739 0.301611 
1.31182 -0.887695 0.235547 
1.26473 -0.855835 0.185303 
1.24688 -0.84375 0.15 
1.42 -1.42 0.9 
1.40475 -1.40475 0.74165 
1.36453 -1.36453 0.603516 
1.30768 -1.30768 0.484717 
1.2425 -1.2425 0.384375 
1.17732 -1.17732 0.301611 
1.12047 -1.12047 0.235547 
1.08025 -1.08025 0.185303 
1.065 -1.065 0.15 
1.125 -1.6625 0.9 
1.11292 -1.64464 0.74165 
1.08105 -1.59756 0.603516 
1.03601 -1.53099 0.484717 
0.984375 -1.45469 0.384375 
0.932739 -1.37838 0.301611 
0.887695 -1.31182 0.235547 
0.855835 -1.26473 0.185303 
0.84375 -1.24688 0.15 
0.785 -1.845 0.9 
0.776567 -1.82518 0.74165 
0.754336 -1.77293 0.603516 
0.722905 -1.69906 0.484717 
0.686875 -1.61437 0.384375 
0.650845 -1.52969 0.301611 
0.619414 -1.45582 0.235547 
0.597183 -1.40357 0.185303 
0.58875 -1.38375 0.15 
0.4075 -1.96 0.9 
0.403123 -1.93895 0.74165 
0.391582 -1.88344 0.603516 
0.375266 -1.80496 0.484717 
0.356562 -1.715 0.384375 
0.337859 -1.62504 0.301611 
0.321543 -1.54656 0.235547 
0.310002 -1.49105 0.185303 
0.305625 -1.47 0.15 
0 -2 0.9 
0 -1.97852 0.74165 
0 -1.92188 0.603516 
0 -1.8418 0.484717 
0 -1.75 0.384375 
0 -1.6582 0.301611 
0 -1.57812 0.235547 
0 -1.52148 0.185303 
0 -1.5 0.15 
0 -2 0.9 
0 -1.97852 0.74165 
0 -1.92188 0.603516 
0 -1.8418 0.484717 
0 -1.75 0.384375 
0 -1.6582 0.301611 
0 -1.57812 0.235547 
0 -1.52148 0.185303 
0 -1.5 0.15 
-0.4075 -1.96 0.9 
-0.403123 -1.93895 0.74165 
-0.391582 -1.88344 0.603516 
-0.375266 -1.80496 0.484717 
-0.356562 -1.715 0.384375 
-0.337859 -1.62504 0.301611 
-0.321543 -1.54656 0.235547 
-0.310002 -1.49105 0.185303 
-0.305625 -1.47 0.15 
-0.785 -1.845 0.9 
-0.776567 -1.82518 0.74165 
-0.754336 -1.77293 0.603516 
-0.722905 -1.69906 0.484717 
-0.686875 -1.61437 0.384375 
-0.650845 -1.52969 0.301611 
-0.619414 -1.45582 0.235547 
-0.597183 -1.40357 0.185303 
-0.58875 -1.38375 0.15 
-1.125 -1.6625 0.9 
-1.11292 -1.64464 0.74165 
-1.08105 -1.59756 0.603516 
-1.03601 -1.53099 0.484717 
-0.984375 -1.45469 0.384375 
-0.932739 -1.37838 0.301611 
-0.887695 -1.31182 0.235547 
-0.855835 -1.26473 0.185303 
-0.84375 -1.24688 0.15 
-1.42 -1.42 0.9 
-1.40475 -1.40475 0.74165 
-1.36453 -1.36453 0.603516 
-1.30768 -1.30768 0.484717 
-1.2425 -1.2425 0.384375 
-1.17732 -1.17732 0.301611 
-1.12047 -1.12047 0.235547 
-1.08025 -1.08025 0.185303 
-1.065 -1.065 0.15 
-1.6625 -1.125 0.9 
-1.64464 -1.11292 0.74165 
-1.59756 -1.08105 0.603516 
-1.53099 -1.03601 0.484717 
-1.45469 -0.984375 0.384375 
-1.37838 -0.932739 0.301611 
-1.31182 -0.887695 0.235547 
-1.26473 -0.855835 0.185303 
-1.24688 -0.84375 0.15 
-1.845 -0.785 0.9 
-1.82518 -0.776567 0.74165 
-1.77293 -0.754336 0.603516 
-1.69906 -0.722905 0.484717 
-1.61437 -0.686875 0.384375 
-1.52969 -0.650845 0.301611 
-1.45582 -0.619414 0.235547 
-1.40357 -0.597183 0.185303 
-1.38375 -0.58875 0.15 
-1.96 -0.4075 0.9 
-1.93895 -0.403123 0.74165 
-1.88344 -0.391582 0.603516 
-1.80496 -0.375266 0.484717 
-1.715 -0.356562 0.384375 
-1.62504 -0.337859 0.301611 
-1.54656 -0.321543 0.235547 
-1.49105 -0.310002 0.185303 
-1.47 -0.305625 0.15 
-2 0 0.9 
-1.97852 0 0.74165 
-1.92188 0 0.603516 
-1.8418 0 0.484717 
-1.75 0 0.384375 
-1.6582 0 0.301611 
-1.57812 0 0.235547 
-1.52148 0 0.185303 
-1.5 0 0.15 
-2 0 0.9 
-1.97852 0 0.74165 
-1.92188 0 0.603516 
-1.8418 0 0.484717 
-1.75 0 0.384375 
-1.6582 0 0.301611 
-1.57812 0 0.235547 
-1.52148 0 0.185303 
-1.5 0 0.15 
-1.96 0.4075 0.9 
-1.93895 0.403123 0.74165 
-1.88344 0.391582 0.603516 
-1.80496 0.375266 0.484717 
-1.715 0.356562 0.384375 
-1.62504 0.337859 0.301611 
-1.54656 0.321543 0.235547 
-1.49105 0.310002 0.185303 
-1.47 0.305625 0.15 
-1.845 0.785 0.9 
-1.82518 0.776567 0.74165 
-1.77293 0.754336 0.603516 
-1.69906 0.722905 0.484717 
-1.61437 0.686875 0.384375 
-1.52969 0.650845 0.301611 
-1.45582 0.619414 0.235547 
-1.40357 0.597183 0.185303 
-1.38375 0.58875 0.15 
-1.6625 1.125 0.9 
-1.64464 1.11292 0.74165 
-1.59756 1.08105 0.603516 
-1.53099 1.03601 0.484717 
-1.45469 0.984375 0.384375 
-1.37838 0.932739 0.301611 
-1.31182 0.887695 0.235547 
-1.26473 0.855835 0.185303 
-1.24688 0.84375 0.15 
-1.42 1.42 0.9 
-1.40475 1.40475 0.74165 
-1.36453 1.36453 0.603516 
-1.30768 1.30768 0.484717 
-1.2425 1.2425 0.384375 
-1.17732 1.17732 0.301611 
-1.12047 1.12047 0.235547 
-1.08025 1.08025 0.185303 
-1.065 1.065 0.15 
-1.125 1.6625 0.9 
-1.11292 1.64464 0.74165 
-1.08105 1.59756 0.603516 
-1.03601 1.53099 0.484717 
-0.984375 1.45469 0.384375 
-0.932739 1.37838 0.301611 
-0.887695 1.31182 0.235547 
-0.855835 1.26473 0.185303 
-0.84375 1.24688 0.15 
-0.785 1.845 0.9 
-0.776567 1.82518 0.74165 
-0.754336 1.77293 0.603516 
-0.722905 1.69906 0.484717 
-0.686875 1.61437 0.384375 
-0.650845 1.52969 0.301611 
-0.619414 1.45582 0.235547 
-0.597183 1.40357 0.185303 
-0.58875 1.38375 0.15 
-0.4075 1.96 0.9 
-0.403123 1.93895 0.74165 
-0.391582 1.88344 0.603516 
-0.375266 1.80496 0.484717 
-0.356562 1.715 0.384375 
-0.337859 1.62504 0.301611 
-0.321543 1.54656 0.235547 
-0.310002 1.49105 0.185303 
-0.305625 1.47 0.15 
0 2 0.9 
0 1.97852 0.74165 
0 1.92188 0.603516 
0 1.8418 0.484717 
0 1.75 0.384375 
0 1.6582 0.301611 
0 1.57812 0.235547 
0 1.52148 0.185303 
0 1.5 0.15 
0 2 0.9 
0 1.97852 0.74165 
0 1.92188 0.603516 
0 1.8418 0.484717 
0 1.75 0.384375 
0 1.6582 0.301611 
0 1.57812 0.235547 
0 1.52148 0.185303 
0 1.5 0.15 
0.4075 1.96 0.9 
0.403123 1.93895 0.74165 
0.391582 1.88344 0.603516 
0.375266 1.80496 0.484717 
0.356562 1.715 0.384375 
0.337859 1.62504 0.301611 
0.321543 1.54656 0.235547 
0.310002 1.49105 0.185303 
0.305625 1.47 0.15 
0.785 1.845 0.9 
0.776567 1.82518 0.74165 
0.754336 1.77293 0.603516 
0.722905 1.69906 0.484717 
0.686875 1.61437 0.384375 
0.650845 1.52969 0.301611 
0.619414 1.45582 0.235547 
0.597183 1.40357 0.185303 
0.58875 1.38375 0.15 
1.125 1.6625 0.9 
1.11292 1.64464 0.74165 
1.08105 1.59756 0.603516 
1.03601 1.53099 0.484717 
0.984375 1.45469 0.384375 
0.932739 1.37838 0.301611 
0.887695 1.31182 0.235547 
0.855835 1.26473 0.185303 
0.84375 1.24688 0.15 
1.42 1.42 0.9 
1.40475 1.40475 0.74165 
1.36453 1.36453 0.603516 
1.30768 1.30768 0.484717 
1.2425 1.2425 0.384375 
1.17732 1.17732 0.301611 
1.12047 1.12047 0.235547 
1.08025 1.08025 0.185303 
1.065 1.065 0.15 
1.6625 1.125 0.9 
1.64464 1.11292 0.74165 
1.59756 1.08105 0.603516 
1.53099 1.03601 0.484717 
1.45469 0.984375 0.384375 
1.37838 0.932739 0.301611 
1.31182 0.887695 0.235547 
1.26473 0.855835 0.185303 
1.24688 0.84375 0.15 
1.845 0.785 0.9 
1.82518 0.776567 0.74165 
1.77293 0.754336 0.603516 
1.69906 0.722905 0.484717 
1.61437 0.686875 0.384375 
1.52969 0.650845 0.301611 
1.45582 0.619414 0.235547 
1.40357 0.597183 0.185303 
1.38375 0.58875 0.15 
1.96 0.4075 0.9 
1.93895 0.403123 0.74165 
1.88344 0.391582 0.603516 
1.80496 0.375266 0.484717 
1.715 0.356562 0.384375 
1.62504 0.337859 0.301611 
1.54656 0.321543 0.235547 
1.49105 0.310002 0.185303 
1.47 0.305625 0.15 
2 0 0.9 
1.97852 0 0.74165 
1.92188 0 0.603516 
1.8418 0 0.484717 
1.75 0 0.384375 
1.6582 0 0.301611 
1.57812 0 0.235547 
1.52148 0 0.185303 
1.5 0 0.15 
-1.6 0 2.025 
-1.84824 0 2.02456 
-2.06719 0 2.02148 
-2.25566 0 2.01313 
-2.4125 0 1.99688 
-2.53652 0 1.97007 
-2.62656 0 1.93008 
-2.68145 0 1.87427 
-2.7 0 1.8 
-1.5957 -0.0984375 2.03467 
-1.84838 -0.0984375 2.03421 
-2.07101 -0.0984375 2.031 
-2.26247 -0.0984375 2.02229 
-2.42163 -0.0984375 2.00533 
-2.54737 -0.0984375 1.97738 
-2.63858 -0.0984375 1.93567 
-2.69413 -0.0984375 1.87746 
-2.71289 -0.0984375 1.8 
-1.58438 -0.16875 2.06016 
-1.84876 -0.16875 2.05965 
-2.0811 -0.16875 2.05609 
-2.28041 -0.16875 2.04644 
-2.4457 -0.16875 2.02764 
-2.57598 -0.16875 1.99664 
-2.67026 -0.16875 1.9504 
-2.72756 -0.16875 1.88587 
-2.74688 -0.16875 1.8 
-1.56836 -0.210938 2.09619 
-1.84929 -0.210938 2.09561 
-2.09537 -0.210938 2.09156 
-2.30578 -0.210938 2.08057 
-2.47974 -0.210938 2.05917 
-2.61643 -0.210938 2.02388 
-2.71506 -0.210938 1.97124 
-2.77482 -0.210938 1.89777 
-2.79492 -0.210938 1.8 
-1.55 -0.225 2.1375 
-1.8499 -0.225 2.13684 
-2.11172 -0.225 2.13223 
-2.33486 -0.225 2.1197 
-2.51875 -0.225 2.09531 
-2.66279 -0.225 2.0551 
-2.76641 -0.225 1.99512 
-2.829 -0.225 1.9114 
-2.85 -0.225 1.8 
-1.53164 -0.210938 2.17881 
-1.85051 -0.210938 2.17807 
-2.12807 -0.210938 2.17289 
-2.36394 -0.210938 2.15883 
-2.55776 -0.210938 2.13146 
-2.70916 -0.210938 2.08633 
-2.81776 -0.210938 2.019 
-2.88319 -0.210938 1.92504 
-2.90508 -0.210938 1.8 
-1.51562 -0.16875 2.21484 
-1.85104 -0.16875 2.21403 
-2.14233 -0.16875 2.20836 
-2.38931 -0.16875 2.19297 
-2.5918 -0.16875 2.16299 
-2.7496 -0.16875 2.11356 
-2.86255 -0.16875 2.03983 
-2.93045 -0.16875 1.93693 
-2.95312 -0.16875 1.8 
-1.5043 -0.0984375 2.24033 
-1.85142 -0.0984375 2.23947 
-2.15242 -0.0984375 2.23345 
-2.40726 -0.0984375 2.21711 
-2.61587 -0.0984375 2.18529 
-2.77821 -0.0984375 2.13283 
-2.89423 -0.0984375 2.05457 
-2.96388 -0.0984375 1.94534 
-2.98711 -0.0984375 1.8 
-1.5 0 2.25 
-1.85156 0 2.24912 
-2.15625 0 2.24297 
-2.41406 0 2.22627 
-2.625 0 2.19375 
-2.78906 0 2.14014 
-2.90625 0 2.06016 
-2.97656 0 1.94854 
-3 0 1.8 
-1.5 0 2.25 
-1.85156 0 2.24912 
-2.15625 0 2.24297 
-2.41406 0 2.22627 
-2.625 0 2.19375 
-2.78906 0 2.14014 
-2.90625 0 2.06016 
-2.97656 0 1.94854 
-3 0 1.8 
-1.5043 0.0984375 2.24033 
-1.85142 0.0984375 2.23947 
-2.15242 0.0984375 2.23345 
-2.40726 0.0984375 2.21711 
-2.61587 0.0984375 2.18529 
-2.77821 0.0984375 2.13283 
-2.89423 0.0984375 2.05457 
-2.96388 0.0984375 1.94534 
-2.98711 0.0984375 1.8 
-1.51562 0.16875 2.21484 
-1.85104 0.16875 2.21403 
-2.14233 0.16875 2.20836 
-2.38931 0.16875 2.19297 
-2.5918 0.16875 2.16299 
-2.7496 0.16875 2.11356 
-2.86255 0.16875 2.03983 
-2.93045 0.16875 1.93693 
-2.95312 0.16875 1.8 
-1.53164 0.210938 2.17881 
-1.85051 0.210938 2.17807 
-2.12807 0.210938 2.17289 
-2.36394 0.210938 2.15883 
-2.55776 0.210938 2.13146 
-2.70916 0.210938 2.08633 
-2.81776 0.210938 2.019 
-2.88319 0.210938 1.92504 
-2.90508 0.210938 1.8 
-1.55 0.225 2.1375 
-1.8499 0.225 2.13684 
-2.11172 0.225 2.13223 
-2.33486 0.225 2.1197 
-2.51875 0.225 2.09531 
-2.66279 0.225 2.0551 
-2.76641 0.225 1.99512 
-2.829 0.225 1.9114 
-2.85 0.225 1.8 
-1.56836 0.210938 2.09619 
-1.84929 0.210938 2.09561 
-2.09537 0.210938 2.09156 
-2.30578 0.210938 2.08057 
-2.47974 0.210938 2.05917 
-2.61643 0.210938 2.02388 
-2.71506 0.210938 1.97124 
-2.77482 0.210938 1.89777 
-2.79492 0.210938 1.8 
-1.58438 0.16875 2.06016 
-1.84876 0.16875 2.05965 
-2.0811 0.16875 2.05609 
-2.28041 0.16875 2.04644 
-2.4457 0.16875 2.02764 
-2.57598 0.16875 1.99664 
-2.67026 0.16875 1.9504 
-2.72756 0.16875 1.88587 
-2.74688 0.16875 1.8 
-1.5957 0.0984375 2.03467 
-1.84838 0.0984375 2.03421 
-2.07101 0.0984375 2.031 
-2.26247 0.0984375 2.02229 
-2.42163 0.0984375 2.00533 
-2.54737 0.0984375 1.97738 
-2.63858 0.0984375 1.93567 
-2.69413 0.0984375 1.87746 
-2.71289 0.0984375 1.8 
-1.6 0 2.025 
-1.84824 0 2.02456 
-2.06719 0 2.02148 
-2.25566 0 2.01313 
-2.4125 0 1.99688 
-2.53652 0 1.97007 
-2.62656 0 1.93008 
-2.68145 0 1.87427 
-2.7 0 1.8 
-2.7 0 1.8 
-2.69043 0 1.70596 
-2.66094 0 1.59609 
-2.61035 0 1.47568 
-2.5375 0 1.35 
-2.44121 0 1.22432 
-2.32031 0 1.10391 
-2.17363 0 0.994043 
-2 0 0.9 
-2.71289 -0.0984375 1.8 
-2.70302 -0.0984375 1.70283 
-2.67265 -0.0984375 1.59068 
-2.62064 -0.0984375 1.46863 
-2.54583 -0.0984375 1.34174 
-2.44707 -0.0984375 1.21508 
-2.32323 -0.0984375 1.09371 
-2.17316 -0.0984375 0.982698 
-1.9957 -0.0984375 0.887109 
-2.74688 -0.16875 1.8 
-2.73622 -0.16875 1.69457 
-2.70354 -0.16875 1.57641 
-2.64775 -0.16875 1.45004 
-2.56777 -0.16875 1.31997 
-2.46253 -0.16875 1.19073 
-2.33093 -0.16875 1.06683 
-2.17191 -0.16875 0.952787 
-1.98438 -0.16875 0.853125 
-2.79492 -0.210938 1.8 
-2.78316 -0.210938 1.6829 
-2.74721 -0.210938 1.55623 
-2.68609 -0.210938 1.42375 
-2.5988 -0.210938 1.28919 
-2.48438 -0.210938 1.1563 
-2.34182 -0.210938 1.02882 
-2.17014 -0.210938 0.9105 
-1.96836 -0.210938 0.805078 
-2.85 -0.225 1.8 
-2.83696 -0.225 1.66952 
-2.79727 -0.225 1.53311 
-2.73003 -0.225 1.39362 
-2.63438 -0.225 1.25391 
-2.50942 -0.225 1.11683 
-2.3543 -0.225 0.985254 
-2.16812 -0.225 0.862024 
-1.95 -0.225 0.75 
-2.90508 -0.210938 1.8 
-2.89077 -0.210938 1.65614 
-2.84732 -0.210938 1.50998 
-2.77397 -0.210938 1.36348 
-2.66995 -0.210938 1.21862 
-2.53447 -0.210938 1.07737 
-2.36678 -0.210938 0.941686 
-2.16609 -0.210938 0.813548 
-1.93164 -0.210938 0.694922 
-2.95312 -0.16875 1.8 
-2.9377 -0.16875 1.64447 
-2.89099 -0.16875 1.4898 
-2.81231 -0.16875 1.33719 
-2.70098 -0.16875 1.18784 
-2.55632 -0.16875 1.04294 
-2.37766 -0.16875 0.90368 
-2.16432 -0.16875 0.771261 
-1.91563 -0.16875 0.646875 
-2.98711 -0.0984375 1.8 
-2.9709 -0.0984375 1.63621 
-2.92188 -0.0984375 1.47553 
-2.83942 -0.0984375 1.3186 
-2.72292 -0.0984375 1.16607 
-2.57177 -0.0984375 1.01859 
-2.38536 -0.0984375 0.876798 
-2.16307 -0.0984375 0.74135 
-1.9043 -0.0984375 0.612891 
-3 0 1.8 
-2.9835 0 1.63308 
-2.93359 0 1.47012 
-2.84971 0 1.31155 
-2.73125 0 1.15781 
-2.57764 0 1.00935 
-2.38828 0 0.866602 
-2.1626 0 0.730005 
-1.9 0 0.6 
-3 0 1.8 
-2.9835 0 1.63308 
-2.93359 0 1.47012 
-2.84971 0 1.31155 
-2.73125 0 1.15781 
-2.57764 0 1.00935 
-2.38828 0 0.866602 
-2.1626 0 0.730005 
-1.9 0 0.6 
-2.98711 0.0984375 1.8 
-2.9709 0.0984375 1.63621 
-2.92188 0.0984375 1.47553 
-2.83942 0.0984375 1.3186 
-2.72292 0.0984375 1.16607 
-2.57177 0.0984375 1.01859 
-2.38536 0.0984375 0.876798 
-2.16307 0.0984375 0.74135 
-1.9043 0.0984375 0.612891 
-2.95312 0.16875 1.8 
-2.9377 0.16875 1.64447 
-2.89099 0.16875 1.4898 
-2.81231 0.16875 1.33719 
-2.70098 0.16875 1.18784 
-2.55632 0.16875 1.04294 
-2.37766 0.16875 0.90368 
-2.16432 0.16875 0.771261 
-1.91562 0.16875 0.646875 
-2.90508 0.210938 1.8 
-2.89077 0.210938 1.65614 
-2.84732 0.210938 1.50998 
-2.77397 0.210938 1.36348 
-2.66995 0.210938 1.21862 
-2.53447 0.210938 1.07737 
-2.36678 0.210938 0.941686 
-2.16609 0.210938 0.813548 
-1.93164 0.210938 0.694922 
-2.85 0.225 1.8 
-2.83696 0.225 1.66952 
-2.79727 0.225 1.53311 
-2.73003 0.225 1.39362 
-2.63438 0.225 1.25391 
-2.50942 0.225 1.11683 
-2.3543 0.225 0.985254 
-2.16812 0.225 0.862024 
-1.95 0.225 0.75 
-2.79492 0.210938 1.8 
-2.78316 0.210938 1.6829 
-2.74721 0.210938 1.55623 
-2.68609 0.210938 1.42375 
-2.5988 0.210938 1.28919 
-2.48438 0.210938 1.1563 
-2.34182 0.210938 1.02882 
-2.17014 0.210938 0.9105 
-1.96836 0.210938 0.805078 
-2.74688 0.16875 1.8 
-2.73622 0.16875 1.69457 
-2.70354 0.16875 1.57641 
-2.64775 0.16875 1.45004 
-2.56777 0.16875 1.31997 
-2.46253 0.16875 1.19073 
-2.33093 0.16875 1.06683 
-2.17191 0.16875 0.952787 
-1.98438 0.16875 0.853125 
-2.71289 0.0984375 1.8 
-2.70302 0.0984375 1.70283 
-2.67265 0.0984375 1.59068 
-2.62064 0.0984375 1.46863 
-2.54583 0.0984375 1.34174 
-2.44707 0.0984375 1.21508 
-2.32323 0.0984375 1.09371 
-2.17316 0.0984375 0.982698 
-1.9957 0.0984375 0.887109 
-2.7 0 1.8 
-2.69043 0 1.70596 
-2.66094 0 1.59609 
-2.61035 0 1.47568 
-2.5375 0 1.35 
-2.44121 0 1.22432 
-2.32031 0 1.10391 
-2.17363 0 0.994043 
-2 0 0.9 
1.7 0 1.425 
1.98496 0 1.45459 
2.17969 0 1.53516 
2.30645 0 1.65439 
2.3875 0 1.8 
2.44512 0 1.95967 
2.50156 0 2.12109 
2.5791 0 2.27197 
2.7 0 2.4 
1.7 -0.216563 1.38955 
1.99136 -0.210782 1.42331 
2.18976 -0.195542 1.50887 
2.31838 -0.173996 1.63356 
2.40039 -0.149297 1.78469 
2.45896 -0.124598 1.94958 
2.51727 -0.103052 2.11555 
2.59849 -0.0878119 2.26992 
2.72578 -0.0820312 2.4 
1.7 -0.37125 1.29609 
2.00822 -0.36134 1.34084 
2.21631 -0.335215 1.43958 
2.34984 -0.298279 1.57863 
2.43437 -0.255938 1.74434 
2.49547 -0.213596 1.923 
2.55869 -0.17666 2.10095 
2.6496 -0.150535 2.26451 
2.79375 -0.140625 2.4 
1.7 -0.464063 1.16396 
2.03205 -0.451675 1.22424 
2.25385 -0.419019 1.3416 
2.39432 -0.372849 1.50098 
2.48242 -0.319922 1.68728 
2.54708 -0.266995 1.88542 
2.61725 -0.220825 2.08031 
2.72186 -0.188168 2.25686 
2.88984 -0.175781 2.4 
1.7 -0.495 1.0125 
2.05938 -0.481787 1.09058 
2.29688 -0.446953 1.2293 
2.44531 -0.397705 1.41196 
2.5375 -0.34125 1.62188 
2.60625 -0.284795 1.84233 
2.68437 -0.235547 2.05664 
2.80469 -0.200713 2.2481 
3 -0.1875 2.4 
1.7 -0.464063 0.861035 
2.0867 -0.451675 0.956915 
2.3399 -0.419019 1.11699 
2.4963 -0.372849 1.32294 
2.59258 -0.319922 1.55647 
2.66542 -0.266995 1.79925 
2.7515 -0.220825 2.03297 
2.88752 -0.188168 2.23933 
3.11016 -0.175781 2.4 
1.7 -0.37125 0.728906 
2.11053 -0.36134 0.840317 
2.37744 -0.335215 1.01902 
2.54078 -0.298279 1.24529 
2.64062 -0.255938 1.49941 
2.71703 -0.213596 1.76167 
2.81006 -0.17666 2.01233 
2.95978 -0.150535 2.23168 
3.20625 -0.140625 2.4 
1.7 -0.216563 0.635449 
2.12739 -0.210782 0.757845 
2.40399 -0.195542 0.949722 
2.57225 -0.173996 1.19037 
2.67461 -0.149297 1.45906 
2.75354 -0.124598 1.73508 
2.85148 -0.103052 1.99773 
3.01089 -0.0878119 2.22627 
3.27422 -0.0820312 2.4 
1.7 0 0.6 
2.13379 0 0.726562 
2.41406 0 0.923437 
2.58418 0 1.16953 
2.6875 0 1.44375 
2.76738 0 1.725 
2.86719 0 1.99219 
3.03027 0 2.22422 
3.3 0 2.4 
1.7 0 0.6 
2.13379 0 0.726562 
2.41406 0 0.923437 
2.58418 0 1.16953 
2.6875 0 1.44375 
2.76738 0 1.725 
2.86719 0 1.99219 
3.03027 0 2.22422 
3.3 0 2.4 
1.7 0.216563 0.635449 
2.12739 0.210782 0.757845 
2.40399 0.195542 0.949722 
2.57225 0.173996 1.19037 
2.67461 0.149297 1.45906 
2.75354 0.124598 1.73508 
2.85148 0.103052 1.99773 
3.01089 0.0878119 2.22627 
3.27422 0.0820312 2.4 
1.7 0.37125 0.728906 
2.11053 0.36134 0.840317 
2.37744 0.335215 1.01902 
2.54078 0.298279 1.24529 
2.64062 0.255938 1.49941 
2.71703 0.213596 1.76167 
2.81006 0.17666 2.01233 
2.95978 0.150535 2.23168 
3.20625 0.140625 2.4 
1.7 0.464063 0.861035 
2.0867 0.451675 0.956915 
2.3399 0.419019 1.11699 
2.4963 0.372849 1.32294 
2.59258 0.319922 1.55647 
2.66542 0.266995 1.79925 
2.7515 0.220825 2.03297 
2.88752 0.188168 2.23933 
3.11016 0.175781 2.4 
1.7 0.495 1.0125 
2.05938 0.481787 1.09058 
2.29688 0.446953 1.2293 
2.44531 0.397705 1.41196 
2.5375 0.34125 1.62188 
2.60625 0.284795 1.84233 
2.68437 0.235547 2.05664 
2.80469 0.200713 2.2481 
3 0.1875 2.4 
1.7 0.464063 1.16396 
2.03205 0.451675 1.22424 
2.25385 0.419019 1.3416 
2.39432 0.372849 1.50098 
2.48242 0.319922 1.68728 
2.54708 0.266995 1.88542 
2.61725 0.220825 2.08031 
2.72186 0.188168 2.25686 
2.88984 0.175781 2.4 
1.7 0.37125 1.29609 
2.00822 0.36134 1.34084 
2.21631 0.335215 1.43958 
2.34984 0.298279 1.57863 
2.43437 0.255938 1.74434 
2.49547 0.213596 1.923 
2.55869 0.17666 2.10095 
2.6496 0.150535 2.26451 
2.79375 0.140625 2.4 
1.7 0.216563 1.38955 
1.99136 0.210782 1.42331 
2.18976 0.195542 1.50887 
2.31838 0.173996 1.63356 
2.40039 0.149297 1.78469 
2.45896 0.124598 1.94958 
2.51727 0.103052 2.11555 
2.59849 0.0878119 2.26992 
2.72578 0.0820312 2.4 
1.7 0 1.425 
1.98496 0 1.45459 
2.17969 0 1.53516 
2.30645 0 1.65439 
2.3875 0 1.8 
2.44512 0 1.95967 
2.50156 0 2.12109 
2.5791 0 2.27197 
2.7 0 2.4 
2.7 0 2.4 
2.73711 0 2.42461 
2.77188 0 2.44219 
2.80195 0 2.45273 
2.825 0 2.45625 
2.83867 0 2.45273 
2.84063 0 2.44219 
2.82852 0 2.42461 
2.8 0 2.4 
2.72578 -0.0820312 2.4 
2.76433 -0.0806213 2.42491 
2.79949 -0.0769043 2.44275 
2.82908 -0.0716492 2.45351 
2.85092 -0.065625 2.45716 
2.86283 -0.0596008 2.45366 
2.86263 -0.0543457 2.44298 
2.84814 -0.0506287 2.42511 
2.81719 -0.0492188 2.4 
2.79375 -0.140625 2.4 
2.83609 -0.138208 2.42569 
2.87228 -0.131836 2.44425 
2.90058 -0.122827 2.45557 
2.91924 -0.1125 2.45955 
2.92651 -0.102173 2.45608 
2.92064 -0.0931641 2.44507 
2.89989 -0.086792 2.42641 
2.8625 -0.084375 2.4 
2.88984 -0.175781 2.4 
2.93754 -0.17276 2.4268 
2.97519 -0.164795 2.44637 
3.00167 -0.153534 2.45848 
3.01583 -0.140625 2.46293 
3.01654 -0.127716 2.45952 
3.00266 -0.116455 2.44803 
2.97305 -0.10849 2.42826 
2.92656 -0.105469 2.4 
3 -0.1875 2.4 
3.05383 -0.184277 2.42808 
3.09316 -0.175781 2.44879 
3.11755 -0.16377 2.46181 
3.12656 -0.15 2.46681 
3.11975 -0.13623 2.46345 
3.09668 -0.124219 2.45142 
3.05691 -0.115723 2.43038 
3 -0.1125 2.4 
3.11016 -0.175781 2.4 
3.17013 -0.17276 2.42935 
3.21114 -0.164795 2.45121 
3.23344 -0.153534 2.46514 
3.23729 -0.140625 2.47068 
3.22296 -0.127716 2.46739 
3.1907 -0.116455 2.45481 
3.14077 -0.10849 2.4325 
3.07344 -0.105469 2.4 
3.20625 -0.140625 2.4 
3.27158 -0.138208 2.43046 
3.31405 -0.131836 2.45333 
3.33453 -0.122827 2.46805 
3.33389 -0.1125 2.47406 
3.31299 -0.102173 2.47082 
3.27272 -0.0931641 2.45777 
3.21393 -0.086792 2.43434 
3.1375 -0.084375 2.4 
3.27422 -0.0820312 2.4 
3.34334 -0.0806213 2.43125 
3.38684 -0.0769043 2.45482 
3.40603 -0.0716492 2.4701 
3.40221 -0.065625 2.47646 
3.37667 -0.0596008 2.47325 
3.33073 -0.0543457 2.45986 
3.26568 -0.0506287 2.43565 
3.18281 -0.0492188 2.4 
3.3 0 2.4 
3.37056 0 2.43155 
3.41445 0 2.45539 
3.43315 0 2.47088 
3.42813 0 2.47736 
3.40083 0 2.47417 
3.35273 0 2.46065 
3.2853 0 2.43615 
3.2 0 2.4 
3.3 0 2.4 
3.37056 0 2.43155 
3.41445 0 2.45539 
3.43315 0 2.47088 
3.42813 0 2.47736 
3.40083 0 2.47417 
3.35273 0 2.46065 
3.2853 0 2.43615 
3.2 0 2.4 
3.27422 0.0820312 2.4 
3.34334 0.0806213 2.43125 
3.38684 0.0769043 2.45482 
3.40603 0.0716492 2.4701 
3.40221 0.065625 2.47646 
3.37667 0.0596008 2.47325 
3.33073 0.0543457 2.45986 
3.26568 0.0506287 2.43565 
3.18281 0.0492188 2.4 
3.20625 0.140625 2.4 
3.27158 0.138208 2.43046 
3.31405 0.131836 2.45333 
3.33453 0.122827 2.46805 
3.33389 0.1125 2.47406 
3.31299 0.102173 2.47082 
3.27272 0.0931641 2.45777 
3.21393 0.086792 2.43434 
3.1375 0.084375 2.4 
3.11016 0.175781 2.4 
3.17013 0.17276 2.42935 
3.21114 0.164795 2.45121 
3.23344 0.153534 2.46514 
3.23729 0.140625 2.47068 
3.22296 0.127716 2.46739 
3.1907 0.116455 2.45481 
3.14077 0.10849 2.4325 
3.07344 0.105469 2.4 
3 0.1875 2.4 
3.05383 0.184277 2.42808 
3.09316 0.175781 2.44879 
3.11755 0.16377 2.46181 
3.12656 0.15 2.46681 
3.11975 0.13623 2.46345 
3.09668 0.124219 2.45142 
3.05691 0.115723 2.43038 
3 0.1125 2.4 
2.88984 0.175781 2.4 
2.93754 0.17276 2.4268 
2.97519 0.164795 2.44637 
3.00167 0.153534 2.45848 
3.01583 0.140625 2.46293 
3.01654 0.127716 2.45952 
3.00266 0.116455 2.44803 
2.97305 0.10849 2.42826 
2.92656 0.105469 2.4 
2.79375 0.140625 2.4 
2.83609 0.138208 2.42569 
2.87228 0.131836 2.44425 
2.90058 0.122827 2.45557 
2.91924 0.1125 2.45955 
2.92651 0.102173 2.45608 
2.92064 0.0931641 2.44507 
2.89989 0.086792 2.42641 
2.8625 0.084375 2.4 
2.72578 0.0820312 2.4 
2.76433 0.0806213 2.42491 
2.79949 0.0769043 2.44275 
2.82908 0.0716492 2.45351 
2.85092 0.065625 2.45716 
2.86283 0.0596008 2.45366 
2.86263 0.0543457 2.44298 
2.84814 0.0506287 2.42511 
2.81719 0.0492188 2.4 
2.7 0 2.4 
2.73711 0 2.42461 
2.77188 0 2.44219 
2.80195 0 2.45273 
2.825 0 2.45625 
2.83867 0 2.45273 
2.84063 0 2.44219 
2.82852 0 2.42461 
2.8 0 2.4 
0 0 3.15 
0.230078 0 3.13682 
0.340625 0 3.10078 
0.362109 0 3.04717 
0.325 0 2.98125 
0.259766 0 2.9083 
0.196875 0 2.83359 
0.166797 0 2.7624 
0.2 0 2.7 
0 0 3.15 
0.2255 -0.0470433 3.13682 
0.333847 -0.0696446 3.10078 
0.354903 -0.0740321 3.04717 
0.318531 -0.0664341 2.98125 
0.254592 -0.0530787 2.9083 
0.192949 -0.040194 2.83359 
0.163464 -0.0340084 2.7624 
0.196 -0.04075 2.7 
0 0 3.15 
0.212328 -0.0905479 3.13682 
0.314345 -0.134051 3.10078 
0.33417 -0.142499 3.04717 
0.299918 -0.127879 2.98125 
0.239708 -0.10218 2.9083 
0.181657 -0.0773921 2.83359 
0.153882 -0.0655024 2.7624 
0.1845 -0.0785 2.7 
0 0 3.15 
0.191404 -0.129671 3.13682 
0.283367 -0.191972 3.10078 
0.301235 -0.204073 3.04717 
0.270354 -0.183142 2.98125 
0.216069 -0.14635 2.9083 
0.163727 -0.110866 2.83359 
0.138672 -0.0938593 2.7624 
0.16625 -0.1125 2.7 
0 0 3.15 
0.163571 -0.163571 3.13682 
0.24216 -0.24216 3.10078 
0.257427 -0.257427 3.04717 
0.231031 -0.231031 2.98125 
0.184631 -0.184631 2.9083 
0.139887 -0.139887 2.83359 
0.118457 -0.118457 2.7624 
0.142 -0.142 2.7 
0 0 3.15 
0.129671 -0.191404 3.13682 
0.191972 -0.283367 3.10078 
0.204073 -0.301235 3.04717 
0.183142 -0.270354 2.98125 
0.14635 -0.216069 2.9083 
0.110866 -0.163727 2.83359 
0.0938593 -0.138672 2.7624 
0.1125 -0.16625 2.7 
0 0 3.15 
0.0905479 -0.212328 3.13682 
0.134051 -0.314345 3.10078 
0.142499 -0.33417 3.04717 
0.127879 -0.299918 2.98125 
0.10218 -0.239708 2.9083 
0.0773921 -0.181657 2.83359 
0.0655024 -0.153882 2.7624 
0.0785 -0.1845 2.7 
0 0 3.15 
0.0470433 -0.2255 3.13682 
0.0696446 -0.333847 3.10078 
0.0740321 -0.354903 3.04717 
0.0664341 -0.318531 2.98125 
0.0530787 -0.254592 2.9083 
0.040194 -0.192949 2.83359 
0.0340084 -0.163464 2.7624 
0.04075 -0.196 2.7 
0 0 3.15 
0 -0.230078 3.13682 
0 -0.340625 3.10078 
0 -0.362109 3.04717 
0 -0.325 2.98125 
0 -0.259766 2.9083 
0 -0.196875 2.83359 
0 -0.166797 2.7624 
0 -0.2 2.7 
0 0 3.15 
0 -0.230078 3.13682 
0 -0.340625 3.10078 
0 -0.362109 3.04717 
0 -0.325 2.98125 
0 -0.259766 2.9083 
0 -0.196875 2.83359 
0 -0.166797 2.7624 
0 -0.2 2.7 
0 0 3.15 
-0.0470433 -0.2255 3.13682 
-0.0696446 -0.333847 3.10078 
-0.0740321 -0.354903 3.04717 
-0.0664341 -0.318531 2.98125 
-0.0530787 -0.254592 2.9083 
-0.040194 -0.192949 2.83359 
-0.0340084 -0.163464 2.7624 
-0.04075 -0.196 2.7 
0 0 3.15 
-0.0905479 -0.212328 3.13682 
-0.134051 -0.314345 3.10078 
-0.142499 -0.33417 3.04717 
-0.127879 -0.299918 2.98125 
-0.10218 -0.239708 2.9083 
-0.0773921 -0.181657 2.83359 
-0.0655024 -0.153882 2.7624 
-0.0785 -0.1845 2.7 
0 0 3.15 
-0.129671 -0.191404 3.13682 
-0.191972 -0.283367 3.10078 
-0.204073 -0.301235 3.04717 
-0.183142 -0.270354 2.98125 
-0.14635 -0.216069 2.9083 
-0.110866 -0.163727 2.83359 
-0.0938593 -0.138672 2.7624 
-0.1125 -0.16625 2.7 
0 0 3.15 
-0.163571 -0.163571 3.13682 
-0.24216 -0.24216 3.10078 
-0.257427 -0.257427 3.04717 
-0.231031 -0.231031 2.98125 
-0.184631 -0.184631 2.9083 
-0.139887 -0.139887 2.83359 
-0.118457 -0.118457 2.7624 
-0.142 -0.142 2.7 
0 0 3.15 
-0.191404 -0.129671 3.13682 
-0.283367 -0.191972 3.10078 
-0.301235 -0.204073 3.04717 
-0.270354 -0.183142 2.98125 
-0.216069 -0.14635 2.9083 
-0.163727 -0.110866 2.83359 
-0.138672 -0.0938593 2.7624 
-0.16625 -0.1125 2.7 
0 0 3.15 
-0.212328 -0.0905479 3.13682 
-0.314345 -0.134051 3.10078 
-0.33417 -0.142499 3.04717 
-0.299918 -0.127879 2.98125 
-0.239708 -0.10218 2.9083 
-0.181657 -0.0773921 2.83359 
-0.153882 -0.0655024 2.7624 
-0.1845 -0.0785 2.7 
0 0 3.15 
-0.2255 -0.0470433 3.13682 
-0.333847 -0.0696446 3.10078 
-0.354903 -0.0740321 3.04717 
-0.318531 -0.0664341 2.98125 
-0.254592 -0.0530787 2.9083 
-0.192949 -0.040194 2.83359 
-0.163464 -0.0340084 2.7624 
-0.196 -0.04075 2.7 
0 0 3.15 
-0.230078 0 3.13682 
-0.340625 0 3.10078 
-0.362109 0 3.04717 
-0.325 0 2.98125 
-0.259766 0 2.9083 
-0.196875 0 2.83359 
-0.166797 0 2.7624 
-0.2 0 2.7 
0 0 3.15 
-0.230078 0 3.13682 
-0.340625 0 3.10078 
-0.362109 0 3.04717 
-0.325 0 2.98125 
-0.259766 0 2.9083 
-0.196875 0 2.83359 
-0.166797 0 2.7624 
-0.2 0 2.7 
0 0 3.15 
-0.2255 0.0470433 3.13682 
-0.333847 0.0696446 3.10078 
-0.354903 0.0740321 3.04717 
-0.318531 0.0664341 2.98125 
-0.254592 0.0530787 2.9083 
-0.192949 0.040194 2.83359 
-0.163464 0.0340084 2.7624 
-0.196 0.04075 2.7 
0 0 3.15 
-0.212328 0.0905479 3.13682 
-0.314345 0.134051 3.10078 
-0.33417 0.142499 3.04717 
-0.299918 0.127879 2.98125 
-0.239708 0.10218 2.9083 
-0.181657 0.0773921 2.83359 
-0.153882 0.0655024 2.7624 
-0.1845 0.0785 2.7 
0 0 3.15 
-0.191404 0.129671 3.13682 
-0.283367 0.191972 3.10078 
-0.301235 0.204073 3.04717 
-0.270354 0.183142 2.98125 
-0.216069 0.14635 2.9083 
-0.163727 0.110866 2.83359 
-0.138672 0.0938593 2.7624 
-0.16625 0.1125 2.7 
0 0 3.15 
-0.163571 0.163571 3.13682 
-0.24216 0.24216 3.10078 
-0.257427 0.257427 3.04717 
-0.231031 0.231031 2.98125 
-0.184631 0.184631 2.9083 
-0.139887 0.139887 2.83359 
-0.118457 0.118457 2.7624 
-0.142 0.142 2.7 
0 0 3.15 
-0.129671 0.191404 3.13682 
-0.191972 0.283367 3.10078 
-0.204073 0.301235 3.04717 
-0.183142 0.270354 2.98125 
-0.14635 0.216069 2.9083 
-0.110866 0.163727 2.83359 
-0.0938593 0.138672 2.7624 
-0.1125 0.16625 2.7 
0 0 3.15 
-0.0905479 0.212328 3.13682 
-0.134051 0.314345 3.10078 
-0.142499 0.33417 3.04717 
-0.127879 0.299918 2.98125 
-0.10218 0.239708 2.9083 
-0.0773921 0.181657 2.83359 
-0.0655024 0.153882 2.7624 
-0.0785 0.1845 2.7 
0 0 3.15 
-0.0470433 0.2255 3.13682 
-0.0696446 0.333847 3.10078 
-0.0740321 0.354903 3.04717 
-0.0664341 0.318531 2.98125 
-0.0530787 0.254592 2.9083 
-0.040194 0.192949 2.83359 
-0.0340084 0.163464 2.7624 
-0.04075 0.196 2.7 
0 0 3.15 
0 0.230078 3.13682 
0 0.340625 3.10078 
0 0.362109 3.04717 
0 0.325 2.98125 
0 0.259766 2.9083 
0 0.196875 2.83359 
0 0.166797 2.7624 
0 0.2 2.7 
0 0 3.15 
0 0.230078 3.13682 
0 0.340625 3.10078 
0 0.362109 3.04717 
0 0.325 2.98125 
0 0.259766 2.9083 
0 0.196875 2.83359 
0 0.166797 2.7624 
0 0.2 2.7 
0 0 3.15 
0.0470433 0.2255 3.13682 
0.0696446 0.333847 3.10078 
0.0740321 0.354903 3.04717 
0.0664341 0.318531 2.98125 
0.0530787 0.254592 2.9083 
0.040194 0.192949 2.83359 
0.0340084 0.163464 2.7624 
0.04075 0.196 2.7 
0 0 3.15 
0.0905479 0.212328 3.13682 
0.134051 0.314345 3.10078 
0.142499 0.33417 3.04717 
0.127879 0.299918 2.98125 
0.10218 0.239708 2.9083 
0.0773921 0.181657 2.83359 
0.0655024 0.153882 2.7624 
0.0785 0.1845 2.7 
0 0 3.15 
0.129671 0.191404 3.13682 
0.191972 0.283367 3.10078 
0.204073 0.301235 3.04717 
0.183142 0.270354 2.98125 
0.14635 0.216069 2.9083 
0.110866 0.163727 2.83359 
0.0938593 0.138672 2.7624 
0.1125 0.16625 2.7 
0 0 3.15 
0.163571 0.163571 3.13682 
0.24216 0.24216 3.10078 
0.257427 0.257427 3.04717 
0.231031 0.231031 2.98125 
0.184631 0.184631 2.9083 
0.139887 0.139887 2.83359 
0.118457 0.118457 2.7624 
0.142 0.142 2.7 
0 0 3.15 
0.191404 0.129671 3.13682 
0.283367 0.191972 3.10078 
0.301235 0.204073 3.04717 
0.270354 0.183142 2.98125 
0.216069 0.14635 2.9083 
0.163727 0.110866 2.83359 
0.138672 0.0938593 2.7624 
0.16625 0.1125 2.7 
0 0 3.15 
0.212328 0.0905479 3.13682 
0.314345 0.134051 3.10078 
0.33417 0.142499 3.04717 
0.299918 0.127879 2.98125 
0.239708 0.10218 2.9083 
0.181657 0.0773921 2.83359 
0.153882 0.0655024 2.7624 
0.1845 0.0785 2.7 
0 0 3.15 
0.2255 0.0470433 3.13682 
0.333847 0.0696446 3.10078 
0.354903 0.0740321 3.04717 
0.318531 0.0664341 2.98125 
0.254592 0.0530787 2.9083 
0.192949 0.040194 2.83359 
0.163464 0.0340084 2.7624 
0.196 0.04075 2.7 
0 0 3.15 
0.230078 0 3.13682 
0.340625 0 3.10078 
0.362109 0 3.04717 
0.325 0 2.98125 
0.259766 0 2.9083 
0.196875 0 2.83359 
0.166797 0 2.7624 
0.2 0 2.7 
0.2 0 2.7 
0.304688 0 2.6502 
0.45625 0 2.61094 
0.635938 0 2.57871 
0.825 0 2.55 
1.00469 0 2.52129 
1.15625 0 2.48906 
1.26094 0 2.4498 
1.3 0 2.4 
0.196 -0.04075 2.7 
0.298594 -0.0620801 2.6502 
0.447125 -0.0929609 2.61094 
0.623219 -0.129572 2.57871 
0.8085 -0.168094 2.55 
0.984594 -0.204705 2.52129 
1.13313 -0.235586 2.48906 
1.23572 -0.256916 2.4498 
1.274 -0.264875 2.4 
0.1845 -0.0785 2.7 
0.281074 -0.11959 2.6502 
0.420891 -0.179078 2.61094 
0.586652 -0.249605 2.57871 
0.761063 -0.323812 2.55 
0.926824 -0.39434 2.52129 
1.06664 -0.453828 2.48906 
1.16321 -0.494918 2.4498 
1.19925 -0.51025 2.4 
0.16625 -0.1125 2.7 
0.253271 -0.171387 2.6502 
0.379258 -0.256641 2.61094 
0.528623 -0.357715 2.57871 
0.685781 -0.464062 2.55 
0.835147 -0.565137 2.52129 
0.961133 -0.650391 2.48906 
1.04815 -0.709277 2.4498 
1.08063 -0.73125 2.4 
0.142 -0.142 2.7 
0.216328 -0.216328 2.6502 
0.323938 -0.323938 2.61094 
0.451516 -0.451516 2.57871 
0.58575 -0.58575 2.55 
0.713328 -0.713328 2.52129 
0.820938 -0.820938 2.48906 
0.895266 -0.895266 2.4498 
0.923 -0.923 2.4 
0.1125 -0.16625 2.7 
0.171387 -0.253271 2.6502 
0.256641 -0.379258 2.61094 
0.357715 -0.528623 2.57871 
0.464063 -0.685781 2.55 
0.565137 -0.835147 2.52129 
0.650391 -0.961133 2.48906 
0.709277 -1.04815 2.4498 
0.73125 -1.08063 2.4 
0.0785 -0.1845 2.7 
0.11959 -0.281074 2.6502 
0.179078 -0.420891 2.61094 
0.249605 -0.586652 2.57871 
0.323812 -0.761063 2.55 
0.39434 -0.926824 2.52129 
0.453828 -1.06664 2.48906 
0.494918 -1.16321 2.4498 
0.51025 -1.19925 2.4 
0.04075 -0.196 2.7 
0.0620801 -0.298594 2.6502 
0.0929609 -0.447125 2.61094 
0.129572 -0.623219 2.57871 
0.168094 -0.8085 2.55 
0.204705 -0.984594 2.52129 
0.235586 -1.13312 2.48906 
0.256916 -1.23572 2.4498 
0.264875 -1.274 2.4 
0 -0.2 2.7 
0 -0.304688 2.6502 
0 -0.45625 2.61094 
0 -0.635938 2.57871 
0 -0.825 2.55 
0 -1.00469 2.52129 
0 -1.15625 2.48906 
0 -1.26094 2.4498 
0 -1.3 2.4 
0 -0.2 2.7 
0 -0.304688 2.6502 
0 -0.45625 2.61094 
0 -0.635938 2.57871 
0 -0.825 2.55 
0 -1.00469 2.52129 
0 -1.15625 2.48906 
0 -1.26094 2.4498 
0 -1.3 2.4 
-0.04075 -0.196 2.7 
-0.0620801 -0.298594 2.6502 
-0.0929609 -0.447125 2.61094 
-0.129572 -0.623219 2.57871 
-0.168094 -0.8085 2.55 
-0.204705 -0.984594 2.52129 
-0.235586 -1.13313 2.48906 
-0.256916 -1.23572 2.4498 
-0.264875 -1.274 2.4 
-0.0785 -0.1845 2.7 
-0.11959 -0.281074 2.6502 
-0.179078 -0.420891 2.61094 
-0.249605 -0.586652 2.57871 
-0.323812 -0.761063 2.55 
-0.39434 -0.926824 2.52129 
-0.453828 -1.06664 2.48906 
-0.494918 -1.16321 2.4498 
-0.51025 -1.19925 2.4 
-0.1125 -0.16625 2.7 
-0.171387 -0.253271 2.6502 
-0.256641 -0.379258 2.61094 
-0.357715 -0.528623 2.57871 
-0.464062 -0.685781 2.55 
-0.565137 -0.835147 2.52129 
-0.650391 -0.961133 2.48906 
-0.709277 -1.04815 2.4498 
-0.73125 -1.08063 2.4 
-0.142 -0.142 2.7 
-0.216328 -0.216328 2.6502 
-0.323938 -0.323938 2.61094 
-0.451516 -0.451516 2.57871 
-0.58575 -0.58575 2.55 
-0.713328 -0.713328 2.52129 
-0.820938 -0.820938 2.48906 
-0.895266 -0.895266 2.4498 
-0.923 -0.923 2.4 
-0.16625 -0.1125 2.7 
-0.253271 -0.171387 2.6502 
-0.379258 -0.256641 2.61094 
-0.528623 -0.357715 2.57871 
-0.685781 -0.464063 2.55 
-0.835147 -0.565137 2.52129 
-0.961133 -0.650391 2.48906 
-1.04815 -0.709277 2.4498 
-1.08063 -0.73125 2.4 
-0.1845 -0.0785 2.7 
-0.281074 -0.11959 2.6502 
-0.420891 -0.179078 2.61094 
-0.586652 -0.249605 2.57871 
-0.761063 -0.323812 2.55 
-0.926824 -0.39434 2.52129 
-1.06664 -0.453828 2.48906 
-1.16321 -0.494918 2.4498 
-1.19925 -0.51025 2.4 
-0.196 -0.04075 2.7 
-0.298594 -0.0620801 2.6502 
-0.447125 -0.0929609 2.61094 
-0.623219 -0.129572 2.57871 
-0.8085 -0.168094 2.55 
-0.984594 -0.204705 2.52129 
-1.13312 -0.235586 2.48906 
-1.23572 -0.256916 2.4498 
-1.274 -0.264875 2.4 
-0.2 0 2.7 
-0.304688 0 2.6502 
-0.45625 0 2.61094 
-0.635938 0 2.57871 
-0.825 0 2.55 
-1.00469 0 2.52129 
-1.15625 0 2.48906 
-1.26094 0 2.4498 
-1.3 0 2.4 
-0.2 0 2.7 
-0.304688 0 2.6502 
-0.45625 0 2.61094 
-0.635938 0 2.57871 
-0.825 0 2.55 
-1.00469 0 2.52129 
-1.15625 0 2.48906 
-1.26094 0 2.4498 
-1.3 0 2.4 
-0.196 0.04075 2.7 
-0.298594 0.0620801 2.6502 
-0.447125 0.0929609 2.61094 
-0.623219 0.129572 2.57871 
-0.8085 0.168094 2.55 
-0.984594 0.204705 2.52129 
-1.13313 0.235586 2.48906 
-1.23572 0.256916 2.4498 
-1.274 0.264875 2.4 
-0.1845 0.0785 2.7 
-0.281074 0.11959 2.6502 
-0.420891 0.179078 2.61094 
-0.586652 0.249605 2.57871 
-0.761063 0.323812 2.55 
-0.926824 0.39434 2.52129 
-1.06664 0.453828 2.48906 
-1.16321 0.494918 2.4498 
-1.19925 0.51025 2.4 
-0.16625 0.1125 2.7 
-0.253271 0.171387 2.6502 
-0.379258 0.256641 2.61094 
-0.528623 0.357715 2.57871 
-0.685781 0.464062 2.55 
-0.835147 0.565137 2.52129 
-0.961133 0.650391 2.48906 
-1.04815 0.709277 2.4498 
-1.08063 0.73125 2.4 
-0.142 0.142 2.7 
-0.216328 0.216328 2.6502 
-0.323938 0.323938 2.61094 
-0.451516 0.451516 2.57871 
-0.58575 0.58575 2.55 
-0.713328 0.713328 2.52129 
-0.820938 0.820938 2.48906 
-0.895266 0.895266 2.4498 
-0.923 0.923 2.4 
-0.1125 0.16625 2.7 
-0.171387 0.253271 2.6502 
-0.256641 0.379258 2.61094 
-0.357715 0.528623 2.57871 
-0.464063 0.685781 2.55 
-0.565137 0.835147 2.52129 
-0.650391 0.961133 2.48906 
-0.709277 1.04815 2.4498 
-0.73125 1.08063 2.4 
-0.0785 0.1845 2.7 
-0.11959 0.281074 2.6502 
-0.179078 0.420891 2.61094 
-0.249605 0.586652 2.57871 
-0.323812 0.761063 2.55 
-0.39434 0.926824 2.52129 
-0.453828 1.06664 2.48906 
-0.494918 1.16321 2.4498 
-0.51025 1.19925 2.4 
-0.04075 0.196 2.7 
-0.0620801 0.298594 2.6502 
-0.0929609 0.447125 2.61094 
-0.129572 0.623219 2.57871 
-0.168094 0.8085 2.55 
-0.204705 0.984594 2.52129 
-0.235586 1.13312 2.48906 
-0.256916 1.23572 2.4498 
-0.264875 1.274 2.4 
0 0.2 2.7 
0 0.304688 2.6502 
0 0.45625 2.61094 
0 0.635938 2.57871 
0 0.825 2.55 
0 1.00469 2.52129 
0 1.15625 2.48906 
0 1.26094 2.4498 
0 1.3 2.4 
0 0.2 2.7 
0 0.304688 2.6502 
0 0.45625 2.61094 
0 0.635938 2.57871 
0 0.825 2.55 
0 1.00469 2.52129 
0 1.15625 2.48906 
0 1.26094 2.4498 
0 1.3 2.4 
0.04075 0.196 2.7 
0.0620801 0.298594 2.6502 
0.0929609 0.447125 2.61094 
0.129572 0.623219 2.57871 
0.168094 0.8085 2.55 
0.204705 0.984594 2.52129 
0.235586 1.13313 2.48906 
0.256916 1.23572 2.4498 
0.264875 1.274 2.4 
0.0785 0.1845 2.7 
0.11959 0.281074 2.6502 
0.179078 0.420891 2.61094 
0.249605 0.586652 2.57871 
0.323812 0.761063 2.55 
0.39434 0.926824 2.52129 
0.453828 1.06664 2.48906 
0.494918 1.16321 2.4498 
0.51025 1.19925 2.4 
0.1125 0.16625 2.7 
0.171387 0.253271 2.6502 
0.256641 0.379258 2.61094 
0.357715 0.528623 2.57871 
0.464062 0.685781 2.55 
0.565137 0.835147 2.52129 
0.650391 0.961133 2.48906 
0.709277 1.04815 2.4498 
0.73125 1.08063 2.4 
0.142 0.142 2.7 
0.216328 0.216328 2.6502 
0.323938 0.323938 2.61094 
0.451516 0.451516 2.57871 
0.58575 0.58575 2.55 
0.713328 0.713328 2.52129 
0.820938 0.820938 2.48906 
0.895266 0.895266 2.4498 
0.923 0.923 2.4 
0.16625 0.1125 2.7 
0.253271 0.171387 2.6502 
0.379258 0.256641 2.61094 
0.528623 0.357715 2.57871 
0.685781 0.464063 2.55 
0.835147 0.565137 2.52129 
0.961133 0.650391 2.48906 
1.04815 0.709277 2.4498 
1.08063 0.73125 2.4 
0.1845 0.0785 2.7 
0.281074 0.11959 2.6502 
0.420891 0.179078 2.61094 
0.586652 0.249605 2.57871 
0.761063 0.323812 2.55 
0.926824 0.39434 2.52129 
1.06664 0.453828 2.48906 
1.16321 0.494918 2.4498 
1.19925 0.51025 2.4 
0.196 0.04075 2.7 
0.298594 0.0620801 2.6502 
0.447125 0.0929609 2.61094 
0.623219 0.129572 2.57871 
0.8085 0.168094 2.55 
0.984594 0.204705 2.52129 
1.13312 0.235586 2.48906 
1.23572 0.256916 2.4498 
1.274 0.264875 2.4 
0.2 0 2.7 
0.304688 0 2.6502 
0.45625 0 2.61094 
0.635938 0 2.57871 
0.825 0 2.55 
1.00469 0 2.52129 
1.15625 0 2.48906 
1.26094 0 2.4498 
1.3 0 2.4 
0 0 0 
0.473584 0 0.00336914 
0.835547 0 0.0128906 
1.10083 0 0.0276855 
1.28437 0 0.046875 
1.40112 0 0.0695801 
1.46602 0 0.0949219 
1.49399 0 0.122021 
1.5 0 0.15 
0 0 0 
0.464112 0.0964927 0.00336914 
0.818836 0.170243 0.0128906 
1.07881 0.224294 0.0276855 
1.25869 0.261691 0.046875 
1.3731 0.285479 0.0695801 
1.4367 0.298701 0.0949219 
1.46411 0.304401 0.122021 
1.47 0.305625 0.15 
0 0 0 
0.436881 0.185882 0.00336914 
0.770792 0.327952 0.0128906 
1.01552 0.432076 0.0276855 
1.18484 0.504117 0.046875 
1.29254 0.549941 0.0695801 
1.3524 0.575411 0.0949219 
1.37821 0.586393 0.122021 
1.38375 0.58875 0.15 
0 0 0 
0.393667 0.266391 0.00336914 
0.694548 0.469995 0.0128906 
0.915065 0.619217 0.0276855 
1.06764 0.722461 0.046875 
1.16468 0.788132 0.0695801 
1.21863 0.824634 0.0949219 
1.24188 0.840372 0.122021 
1.24688 0.84375 0.15 
0 0 0 
0.336245 0.336245 0.00336914 
0.593238 0.593238 0.0128906 
0.781589 0.781589 0.0276855 
0.911906 0.911906 0.046875 
0.994797 0.994797 0.0695801 
1.04087 1.04087 0.0949219 
1.06074 1.06074 0.122021 
1.065 1.065 0.15 
0 0 0 
0.266391 0.393667 0.00336914 
0.469995 0.694548 0.0128906 
0.619217 0.915065 0.0276855 
0.722461 1.06764 0.046875 
0.788132 1.16468 0.0695801 
0.824634 1.21863 0.0949219 
0.840372 1.24188 0.122021 
0.84375 1.24688 0.15 
0 0 0 
0.185882 0.436881 0.00336914 
0.327952 0.770792 0.0128906 
0.432076 1.01552 0.0276855 
0.504117 1.18484 0.046875 
0.549941 1.29254 0.0695801 
0.575411 1.3524 0.0949219 
0.586393 1.37821 0.122021 
0.58875 1.38375 0.15 
0 0 0 
0.0964927 0.464112 0.00336914 
0.170243 0.818836 0.0128906 
0.224294 1.07881 0.0276855 
0.261691 1.25869 0.046875 
0.285479 1.3731 0.0695801 
0.298701 1.4367 0.0949219 
0.304401 1.46411 0.122021 
0.305625 1.47 0.15 
0 0 0 
0 0.473584 0.00336914 
0 0.835547 0.0128906 
0 1.10083 0.0276855 
0 1.28437 0.046875 
0 1.40112 0.0695801 
0 1.46602 0.0949219 
0 1.49399 0.122021 
0 1.5 0.15 
0 0 0 
0 0.473584 0.00336914 
0 0.835547 0.0128906 
0 1.10083 0.0276855 
0 1.28437 0.046875 
0 1.40112 0.0695801 
0 1.46602 0.0949219 
0 1.49399 0.122021 
0 1.5 0.15 
0 0 0 
-0.0964927 0.464112 0.00336914 
-0.170243 0.818836 0.0128906 
-0.224294 1.07881 0.0276855 
-0.261691 1.25869 0.046875 
-0.285479 1.3731 0.0695801 
-0.298701 1.4367 0.0949219 
-0.304401 1.46411 0.122021 
-0.305625 1.47 0.15 
0 0 0 
-0.185882 0.436881 0.00336914 
-0.327952 0.770792 0.0128906 
-0.432076 1.01552 0.0276855 
-0.504117 1.18484 0.046875 
-0.549941 1.29254 0.0695801 
-0.575411 1.3524 0.0949219 
-0.586393 1.37821 0.122021 
-0.58875 1.38375 0.15 
0 0 0 
-0.266391 0.393667 0.00336914 
-0.469995 0.694548 0.0128906 
-0.619217 0.915065 0.0276855 
-0.722461 1.06764 0.046875 
-0.788132 1.16468 0.0695801 
-0.824634 1.21863 0.0949219 
-0.840372 1.24188 0.122021 
-0.84375 1.24688 0.15 
0 0 0 
-0.336245 0.336245 0.00336914 
-0.593238 0.593238 0.0128906 
-0.781589 0.781589 0.0276855 
-0.911906 0.911906 0.046875 
-0.994797 0.994797 0.0695801 
-1.04087 1.04087 0.0949219 
-1.06074 1.06074 0.122021 
-1.065 1.065 0.15 
0 0 0 
-0.393667 0.266391 0.00336914 
-0.694548 0.469995 0.0128906 
-0.915065 0.619217 0.0276855 
-1.06764 0.722461 0.046875 
-1.16468 0.788132 0.0695801 
-1.21863 0.824634 0.0949219 
-1.24188 0.840372 0.122021 
-1.24688 0.84375 0.15 
0 0 0 
-0.436881 0.185882 0.00336914 
-0.770792 0.327952 0.0128906 
-1.01552 0.432076 0.0276855 
-1.18484 0.504117 0.046875 
-1.29254 0.549941 0.0695801 
-1.3524 0.575411 0.0949219 
-1.37821 0.586393 0.122021 
-1.38375 0.58875 0.15 
0 0 0 
-0.464112 0.0964927 0.00336914 
-0.818836 0.170243 0.0128906 
-1.07881 0.224294 0.0276855 
-1.25869 0.261691 0.046875 
-1.3731 0.285479 0.0695801 
-1.4367 0.298701 0.0949219 
-1.46411 0.304401 0.122021 
-1.47 0.305625 0.15 
0 0 0 
-0.473584 0 0.00336914 
-0.835547 0 0.0128906 
-1.10083 0 0.0276855 
-1.28437 0 0.046875 
-1.40112 0 0.0695801 
-1.46602 0 0.0949219 
-1.49399 0 0.122021 
-1.5 0 0.15 
0 0 0 
-0.473584 0 0.00336914 
-0.835547 0 0.0128906 
-1.10083 0 0.0276855 
-1.28437 0 0.046875 
-1.40112 0 0.0695801 
-1.46602 0 0.0949219 
-1.49399 0 0.122021 
-1.5 0 0.15 
0 0 0 
-0.464112 -0.0964927 0.00336914 
-0.818836 -0.170243 0.0128906 
-1.07881 -0.224294 0.0276855 
-1.25869 -0.261691 0.046875 
-1.3731 -0.285479 0.0695801 
-1.4367 -0.298701 0.0949219 
-1.46411 -0.304401 0.122021 
-1.47 -0.305625 0.15 
0 0 0 
-0.436881 -0.185882 0.00336914 
-0.770792 -0.327952 0.0128906 
-1.01552 -0.432076 0.0276855 
-1.18484 -0.504117 0.046875 
-1.29254 -0.549941 0.0695801 
-1.3524 -0.575411 0.0949219 
-1.37821 -0.586393 0.122021 
-1.38375 -0.58875 0.15 
0 0 0 
-0.393667 -0.266391 0.00336914 
-0.694548 -0.469995 0.0128906 
-0.915065 -0.619217 0.0276855 
-1.06764 -0.722461 0.046875 
-1.16468 -0.788132 0.0695801 
-1.21863 -0.824634 0.0949219 
-1.24188 -0.840372 0.122021 
-1.24688 -0.84375 0.15 
0 0 0 
-0.336245 -0.336245 0.00336914 
-0.593238 -0.593238 0.0128906 
-0.781589 -0.781589 0.0276855 
-0.911906 -0.911906 0.046875 
-0.994797 -0.994797 0.0695801 
-1.04087 -1.04087 0.0949219 
-1.06074 -1.06074 0.122021 
-1.065 -1.065 0.15 
0 0 0 
-0.266391 -0.393667 0.00336914 
-0.469995 -0.694548 0.0128906 
-0.619217 -0.915065 0.0276855 
-0.722461 -1.06764 0.046875 
-0.788132 -1.16468 0.0695801 
-0.824634 -1.21863 0.0949219 
-0.840372 -1.24188 0.122021 
-0.84375 -1.24688 0.15 
0 0 0 
-0.185882 -0.436881 0.00336914 
-0.327952 -0.770792 0.0128906 
-0.432076 -1.01552 0.0276855 
-0.504117 -1.18484 0.046875 
-0.549941 -1.29254 0.0695801 
-0.575411 -1.3524 0.0949219 
-0.586393 -1.37821 0.122021 
-0.58875 -1.38375 0.15 
0 0 0 
-0.0964927 -0.464112 0.00336914 
-0.170243 -0.818836 0.0128906 
-0.224294 -1.07881 0.0276855 
-0.261691 -1.25869 0.046875 
-0.285479 -1.3731 0.0695801 
-0.298701 -1.4367 0.0949219 
-0.304401 -1.46411 0.122021 
-0.305625 -1.47 0.15 
0 0 0 
0 -0.473584 0.00336914 
0 -0.835547 0.0128906 
0 -1.10083 0.0276855 
0 -1.28437 0.046875 
0 -1.40112 0.0695801 
0 -1.46602 0.0949219 
0 -1.49399 0.122021 
0 -1.5 0.15 
0 0 0 
0 -0.473584 0.00336914 
0 -0.835547 0.0128906 
0 -1.10083 0.0276855 
0 -1.28437 0.046875 
0 -1.40112 0.0695801 
0 -1.46602 0.0949219 
0 -1.49399 0.122021 
0 -1.5 0.15 
0 0 0 
0.0964927 -0.464112 0.00336914 
0.170243 -0.818836 0.0128906 
0.224294 -1.07881 0.0276855 
0.261691 -1.25869 0.046875 
0.285479 -1.3731 0.0695801 
0.298701 -1.4367 0.0949219 
0.304401 -1.46411 0.122021 
0.305625 -1.47 0.15 
0 0 0 
0.185882 -0.436881 0.00336914 
0.327952 -0.770792 0.0128906 
0.432076 -1.01552 0.0276855 
0.504117 -1.18484 0.046875 
0.549941 -1.29254 0.0695801 
0.575411 -1.3524 0.0949219 
0.586393 -1.37821 0.122021 
0.58875 -1.38375 0.15 
0 0 0 
0.266391 -0.393667 0.00336914 
0.469995 -0.694548 0.0128906 
0.619217 -0.915065 0.0276855 
0.722461 -1.06764 0.046875 
0.788132 -1.16468 0.0695801 
0.824634 -1.21863 0.0949219 
0.840372 -1.24188 0.122021 
0.84375 -1.24688 0.15 
0 0 0 
0.336245 -0.336245 0.00336914 
0.593238 -0.593238 0.0128906 
0.781589 -0.781589 0.0276855 
0.911906 -0.911906 0.046875 
0.994797 -0.994797 0.0695801 
1.04087 -1.04087 0.0949219 
1.06074 -1.06074 0.122021 
1.065 -1.065 0.15 
0 0 0 
0.393667 -0.266391 0.00336914 
0.694548 -0.469995 0.0128906 
0.915065 -0.619217 0.0276855 
1.06764 -0.722461 0.046875 
1.16468 -0.788132 0.0695801 
1.21863 -0.824634 0.0949219 
1.24188 -0.840372 0.122021 
1.24688 -0.84375 0.15 
0 0 0 
0.436881 -0.185882 0.00336914 
0.770792 -0.327952 0.0128906 
1.01552 -0.432076 0.0276855 
1.18484 -0.504117 0.046875 
1.29254 -0.549941 0.0695801 
1.3524 -0.575411 0.0949219 
1.37821 -0.586393 0.122021 
1.38375 -0.58875 0.15 
0 0 0 
0.464112 -0.0964927 0.00336914 
0.818836 -0.170243 0.0128906 
1.07881 -0.224294 0.0276855 
1.25869 -0.261691 0.046875 
1.3731 -0.285479 0.0695801 
1.4367 -0.298701 0.0949219 
1.46411 -0.304401 0.122021 
1.47 -0.305625 0.15 
0 0 0 
0.473584 0 0.00336914 
0.835547 0 0.0128906 
1.10083 0 0.0276855 
1.28437 0 0.046875 
1.40112 0 0.0695801 
1.46602 0 0.0949219 
1.49399 0 0.122021 
1.5 0 0.15 
